"parameter" "ESS" "mean" "high_hpd" "low_hpd"
"t_n142" 2247.16280537461 6.18594525832454 6.856435 5.7022422
"t_n143" 2130.59269950749 6.09486027826787 6.720953 5.6249283
"t_n144" 3015.99441301576 3.3588068733237 5.832985 1.6156294
"t_n145" 2174.03089520222 5.79496926165213 6.3503314 5.3559784
"t_n146" 14672.2720488309 5.14668983069274 5.7766169 4.2960112
"t_n147" 6286.07715694681 2.49590900201655 3.8957166 1.4529031
"t_n148" 4469.35937073595 1.80535465371924 2.8936474 0.9346147
"t_n149" 2135.57388977021 5.62137260382756 6.1353864 5.1998965
"t_n150" 3895.76636659297 4.38462569533915 5.5261387 2.7996489
"t_n151" 2395.25176526739 5.51498133049275 6.0164697 5.1020926
"t_n152" 2545.67824717381 5.31919736495195 5.7913204 4.9374987
"t_n153" 4374.42870544043 4.85962828481196 5.443229 4.1845417
"t_n154" 3357.33388135895 3.02273920247208 3.9097804 2.2720607
"t_n155" 2836.83451304644 2.39411859966669 3.1332863 1.7319184
"t_n156" 3668.6978088659 1.73655796222988 2.5224492 1.0631634
"t_n157" 3400.50407302851 1.93273424903616 2.7133671 1.2301146
"t_n158" 2884.6120339076 5.18145147616799 5.6311153 4.819642
"t_n159" 4518.77551404794 3.31171016754625 4.4657624 1.7170755
"t_n160" 3713.05934604633 4.96516357341814 5.3665119 4.6369366
"t_n161" 3595.18919097021 1.79234566245764 3.0745718 0.8360537
"t_n162" 8099.69547973382 4.61266889233376 4.8784926 4.3660321
"t_n163" 1895.62486155103 2.84661218448975 4.3531671 1.5499895
"t_n164" 1817.22443465649 2.39943241226043 4.045834 1.2084781
"t_n165" 8955.35060350076 4.41542530080551 4.5143505 4.2085414
"t_n166" 11002.1709118499 4.0495217789345 4.4000676 3.4329462
"t_n167" 7536.95021260747 2.40845292284318 3.0926793 2.0498302
"t_n168" 4219.73454906107 1.68629517515138 2.6081532 0.9187154
"t_n169" 3075.27095364572 2.0870658504472 2.916334 1.3569206
"t_n170" 2533.18786586466 1.56287329617243 2.2853687 0.9102633
"t_n171" 2806.7650177888 1.26321698256764 1.9778395 0.6142361
"t_n172" 5814.32767821133 4.22329943927004 4.3902145 3.9962882
"t_n173" 4362.75790151761 3.68596935014166 4.1493454 3.0204161
"t_n174" 4465.51256178413 3.19528866462974 3.8020757 2.3872793
"t_n175" 3534.66296520656 1.25803967025165 2.0841573 0.5621708
"t_n176" 1696.03895067705 3.06730160120549 3.6574736 2.5631712
"t_n177" 3247.16711355731 2.0687543586023 2.8364 1.5614582
"t_n178" 4315.85902528801 1.38322892369313 2.1255339 0.7661497
"t_n179" 1282.21021499019 2.80533630918282 3.3178519 2.3639279
"t_n180" 1872.7044113928 2.43601358347314 2.9764031 1.8818421
"t_n181" 3396.20031006804 1.8497256654797 2.5556081 1.1036566
"t_n182" 2872.67959658202 1.76923086796845 2.3728396 1.1929346
"t_n183" 3647.79546108152 1.08056877753458 1.7094293 0.5227863
"t_n184" 1296.85338970014 2.71577427434587 3.1919108 2.28277
"t_n185" 1707.46979773891 2.32023306092995 2.8204425 1.8449189
"t_n186" 3794.8566033466 1.6615403421421 2.2930415 1.0511222
"t_n187" 3610.08833827562 0.490586495105827 1.0524917 0.1764989
"t_n188" 2014.46742274291 1.95716848465085 2.4944547 1.4965674
"t_n189" 6684.48723054886 1.07523261380479 1.5416958 0.7483011
"t_n190" 2814.23835908712 1.54015914831954 2.1227754 0.9959255
"t_n191" 3550.79740555079 0.526607610382756 1.0998831 0.1919396
"t_n192" 2231.56028317377 2.21491283750903 2.6977696 1.7473467
"t_n193" 3595.80758179479 0.469374422965391 1.0180834 0.1877928
"t_n194" 2844.74057790636 0.209311278612299 0.5224488 0.0614182
"t_n195" 2322.39728187234 1.97101513005944 2.4451266 1.5565516
"t_n196" 2292.61741848625 1.71203566405755 2.1598693 1.3521362
"t_n197" 2519.07647760505 1.57524289028943 1.9854882 1.245101
"t_n198" 3364.54955471355 1.36226973093717 1.723288 1.0653954
"t_n199" 4111.88104640257 1.20003383979779 1.6219939 0.6602146
"t_n200" 4818.83859228835 4.10711873925893 4.2946876 3.8729748
"t_n201" 4818.79815128216 3.7434491196378 4.096615 3.3250686
"t_n202" 2938.05995361711 2.33482727815121 3.2934759 1.3993012
"t_n203" 2315.66907199098 1.05240227561802 1.9054188 0.4114231
"t_n204" 2667.22192898627 3.27600212208211 3.7314278 2.804997
"t_n205" 2530.21571845924 2.86419846893506 3.3553061 2.3572388
"t_n206" 3186.96430783581 1.02563434900283 1.7884812 0.4267534
"t_n207" 2368.13723679365 2.54709476827954 3.0229867 1.9809697
"t_n208" 2354.77808235665 2.12823361856008 2.6560687 1.5686051
"t_n209" 3344.94242878889 1.0053847073107 1.5403941 0.5435135
"t_n210" 4318.46734740577 0.248371595622465 0.5456705 0.0802592
"t_n211" 2732.84977655856 3.02746192380979 3.5601184 2.5155926
"t_n212" 3370.4313258575 2.78101281173824 3.3904885 2.1290105
"t_n213" 3432.80436541217 2.1814625562191 2.8751861 1.4703524
"t_n214" 3703.61533674779 1.48184434624188 2.2674155 0.7554819
"t_n215" 2992.91707197008 2.27818073094828 2.8914644 1.6826295
"t_n216" 3311.53650680542 1.75551477863452 2.4476874 1.1303877
"t_n217" 3552.94227903118 1.89213223820899 2.5647643 1.2367621
"t_n218" 4277.09422627544 4.0250206375868 4.228238 3.7803858
"t_n219" 3362.95844333487 2.6088502346203 3.4459902 1.7978846
"t_n220" 1998.63563113979 1.75099576527971 2.5987091 1.0808347
"t_n221" 1829.61972336967 1.46225499335592 2.2924141 0.8165951
"t_n222" 3127.32371917376 3.88137829617243 4.1092881 3.6258737
"t_n223" 3119.03888396302 2.45295429891117 3.0245998 2.1047207
"t_n224" 1061.46827940476 1.92903580171657 2.447682 1.4770113
"t_n225" 1070.52977296447 1.86556107788456 2.370655 1.4196133
"t_n226" 1430.50935858192 1.60232282664852 2.1337696 1.1113689
"t_n227" 1929.71128488725 1.41719515657463 1.9711366 0.8885927
"t_n228" 1328.92713804874 1.568661053997 2.0803422 1.1269143
"t_n229" 1565.17628727272 1.28579428153436 1.7814418 0.8839996
"t_n230" 2448.19802990147 0.796638658180101 1.3533351 0.3406125
"t_n231" 3443.93570686844 0.67609930808844 1.1632809 0.3356576
"t_n232" 3698.38582357437 0.402385226192989 0.7926384 0.1762384
"t_n233" 2509.02907168941 3.71894489876118 3.963528 3.4621404
"t_n234" 6159.03863246838 3.42745912400978 3.7194391 3.1473916
"t_n235" 7905.61073832579 3.0399667607244 3.4034753 2.7365854
"t_n236" 3059.33282361168 1.04356171453253 1.8739486 0.3960079
"t_n237" 7122.18985098753 2.68760470335537 2.9880422 2.512051
"t_n238" 8775.4655234254 2.27352657909005 2.7825752 1.6391595
"t_n239" 3300.19599428133 2.07543364909172 2.6198626 1.4398279
"t_n240" 3737.12306588412 1.75144491701572 2.4127835 1.0408863
"t_n241" 11302.0858248262 2.99187917687906 3.1105963 2.7777493
"t_n242" 8090.30028451771 1.49177719115049 2.1543109 0.9496913
"t_n243" 6980.27769852494 2.84187874267541 3.0431331 2.5739368
"t_n244" 6026.33236563285 2.28150844059219 2.626769 2.048061
"t_n245" 6331.18848138443 1.82856011954891 2.3007891 1.3254154
"t_n246" 5403.228559726 1.37865225309149 1.9087195 0.8033081
"t_n247" 4582.96701184904 2.54266666389645 2.8389313 2.2185592
"t_n248" 4630.64540500941 2.4748257586023 2.7791754 2.1580167
"t_n249" 9518.5019896994 2.08001297458475 2.3735228 1.8128415
"t_n250" 1992.14194126871 3.5649337984612 3.8225384 3.2885644
"t_n251" 1850.47527145759 3.05521297386812 3.4356929 2.6791991
"t_n252" 4271.2986618374 2.4059638690295 2.940163 1.7874125
"t_n253" 5459.62978429646 1.63450261996556 2.3126005 0.982557
"t_n254" 4214.11380421603 2.01280223894228 2.7138136 1.2465594
"t_n255" 2025.7757296564 2.66519800775512 3.0920495 2.2329284
"t_n256" 1706.44112610267 2.29987477466807 2.7414178 1.8704807
"t_n257" 1426.26133479528 1.95209371922671 2.4023522 1.5368047
"t_n258" 1681.49068503261 1.5077650104272 1.9147302 1.1054089
"t_n259" 1728.68490962091 1.27910673626465 1.6862401 0.8932529
"t_n260" 1620.52887528726 1.17863476686295 1.5818923 0.8004134
"t_n261" 3383.11641873644 0.810710819643353 1.2634343 0.4416665
"t_n262" 2135.55055676918 0.96340773970335 1.3993791 0.5525307
"t_n263" 1763.4647805197 3.36435183672574 3.6540188 3.0357757
"t_n264" 2305.59997842883 2.41482380742737 3.0481039 1.7430242
"t_n265" 4157.00001828621 1.16604695665241 1.8433044 0.6103344
"t_n266" 3878.31692363984 0.38827269055608 0.8363809 0.1358561
"t_n267" 2192.61368229657 2.06457997301261 2.7669179 1.4342007
"t_n268" 2407.52465016785 1.67696822921504 2.3684744 1.0600772
"t_n269" 2909.52686223651 1.1680494229265 1.8689118 0.5333752
"t_n270" 1446.03386018653 2.93648376854619 3.2556201 2.584802
"t_n271" 4070.75617522024 1.30253967187934 2.0742086 0.6009749
"t_n272" 1389.04772261775 2.74038198850619 3.0676354 2.3881489
"t_n273" 3415.3709028572 2.28588250129437 2.8137499 1.6221871
"t_n274" 5751.14479091966 1.68717203137603 2.3876682 0.9802806
"t_n275" 1345.78103488454 2.55189272064885 2.895043 2.1946505
"t_n276" 1169.97422503852 2.19492856861286 2.54764 1.8403916
"t_n277" 1269.06514848979 1.84249157515138 2.1731262 1.4921769
"t_n278" 1434.36805140366 1.68301514228098 2.0032162 1.3418645
"t_n279" 1659.72251059729 1.5451362267374 1.8491028 1.2114855
"t_n280" 1479.0970189593 1.42027544136992 1.687263 1.0977153
"t_n281" 3724.84470780315 0.858053407416255 1.2978623 0.4167483
"mu" 6593.15324592667 0.119145739664463 0.1320211 0.1079218
"sigma2" 5600.60118042235 0.356010280962169 0.4525906 0.2771689
"lnL" 17020.8154906447 -139.773360313316 -117.856 -163.744
