"parameter" "ESS" "mean" "high_hpd" "low_hpd"
"t_n142" 3217.48747127804 6.29070364338092 6.9750878 5.7685027
"t_n143" 3078.50663619139 6.19438221666574 6.8253489 5.689134
"t_n144" 3423.23767537499 4.09488251819899 6.0758538 1.8230055
"t_n145" 3003.35561636586 5.88454702892062 6.432657 5.4261712
"t_n146" 13828.3041714576 5.27275760581634 5.8064046 4.4148568
"t_n147" 7561.88985728466 3.09912536242431 4.4560318 1.8867208
"t_n148" 4402.90149548333 1.85663276946281 2.929264 0.9242291
"t_n149" 2869.34638504933 5.65289174370868 6.1585902 5.2216664
"t_n150" 3598.14179691157 4.90588562628743 5.7353318 3.3326576
"t_n151" 3191.39165188779 5.48962696171324 5.9854527 5.0611676
"t_n152" 2890.35650287754 5.31475515630243 5.7634229 4.9228703
"t_n153" 5755.4821931196 4.80530671382145 5.398795 4.1626575
"t_n154" 1981.1396205034 2.8236925038609 3.7060305 2.0846167
"t_n155" 1672.95845736803 2.43113919148381 3.1986658 1.7267553
"t_n156" 1786.5691794412 1.98512058873951 2.767167 1.2271682
"t_n157" 1900.20997384263 1.56679169208377 2.3414056 0.8790608
"t_n158" 2846.85978573117 5.15196934127548 5.5806903 4.7844474
"t_n159" 4776.13299387363 3.74650928514527 4.5941172 2.3575402
"t_n160" 3728.50272593051 4.79923918648408 5.1465582 4.4971699
"t_n161" 2515.62453936139 2.0718393898339 3.4111502 0.9743598
"t_n162" 7531.97515246434 4.53840674371424 4.7683007 4.291567
"t_n163" 1471.21305300878 2.42343234090328 3.9257691 1.3060075
"t_n164" 1218.59939610917 2.01708745554691 3.450989 0.9574309
"t_n165" 7266.86182644389 4.40427990660519 4.5126119 4.1849742
"t_n166" 8314.67949933025 4.09617898171213 4.4079873 3.5323323
"t_n167" 7874.47187773875 2.36020623040942 2.9685016 2.0251394
"t_n168" 3509.05943163836 1.25450870076662 2.0674269 0.7343663
"t_n169" 3022.04093370031 2.3780724409255 3.1900197 1.5972465
"t_n170" 2536.70048337295 1.69333639003389 2.4624133 1.0347706
"t_n171" 2499.71776055009 1.09674832995945 1.8337295 0.5801053
"t_n172" 4712.39154146214 4.2175505964002 4.3873647 3.984418
"t_n173" 3701.53533467493 3.71289540524415 4.1805582 3.1096228
"t_n174" 4363.24628719737 3.4776068498639 4.0675408 2.7233408
"t_n175" 2423.06416450894 1.29471704610299 2.2271674 0.6210584
"t_n176" 1524.25107676348 3.21556669062274 3.7858765 2.6953618
"t_n177" 2492.70575986843 2.12232687509583 2.9533277 1.5670075
"t_n178" 2669.32570732439 1.7457366416088 2.6097586 1.006402
"t_n179" 1179.32961061315 2.97540340446642 3.5260555 2.512987
"t_n180" 1817.25972321744 2.63355276419088 3.2246581 2.0658775
"t_n181" 2581.82631852981 2.11276163322593 2.8159217 1.2791547
"t_n182" 2591.93050452901 1.90419380451642 2.5594218 1.2661958
"t_n183" 2666.55440709775 1.18987292859286 1.884671 0.6326269
"t_n184" 1152.13993879001 2.74069292845397 3.2620046 2.3080827
"t_n185" 1277.45418897538 2.49374140034443 3.0183571 2.0403483
"t_n186" 2355.73819821644 1.98880396644075 2.6166551 1.3202614
"t_n187" 2811.83800757536 0.815853696794622 1.507556 0.331241
"t_n188" 1573.40041609274 2.11217173288151 2.6605562 1.6345063
"t_n189" 4613.17552102179 1.04784401301039 1.5422977 0.7044077
"t_n190" 2395.56098352847 1.66281797614021 2.2651058 1.1092932
"t_n191" 2899.42006665222 0.693695401866563 1.1996919 0.2640849
"t_n192" 1564.06514561087 2.22967781316594 2.7202623 1.7738091
"t_n193" 2833.93574981551 1.20451799176712 1.8567246 0.6635157
"t_n194" 2116.71961940037 0.626126432975946 1.1288113 0.2097998
"t_n195" 1509.86728267322 1.89790849055608 2.3672821 1.4751605
"t_n196" 1269.74177699759 1.66777969662241 2.1102956 1.2670863
"t_n197" 1302.88208874557 1.58413855254708 2.0185104 1.1852735
"t_n198" 1932.31374212964 1.18876636084106 1.5107295 0.8324038
"t_n199" 2123.20640058209 1.06033796644631 1.4307669 0.6632398
"t_n200" 4015.31830733416 4.12451784148103 4.3102966 3.8855877
"t_n201" 4485.31960010214 3.85158380148325 4.169342 3.4316326
"t_n202" 2859.42845087329 2.29291128666741 3.3187238 1.3838223
"t_n203" 2679.89236726614 0.885521143592023 1.6848474 0.3856344
"t_n204" 2776.83688944798 3.49526743707016 3.900477 2.9936193
"t_n205" 3064.9384558063 3.00743497842898 3.4796623 2.5126117
"t_n206" 2426.29910123933 1.25940764430309 2.0507204 0.6522445
"t_n207" 2891.51363366342 2.69721731412144 3.0914153 2.1741166
"t_n208" 2332.28024358993 2.21027217679573 2.7139573 1.647173
"t_n209" 2057.23889159548 0.99948898031776 1.511138 0.6027419
"t_n210" 2327.88466131241 0.705813875695795 1.1620537 0.33726
"t_n211" 2672.43465474274 3.26656110324982 3.7557928 2.7174559
"t_n212" 3028.44528393928 2.88999889855564 3.5205585 2.2297978
"t_n213" 2795.01936668758 2.33355094146436 3.0248603 1.5976103
"t_n214" 2652.99302034048 1.41529703491473 2.2238778 0.722636
"t_n215" 2253.81172707316 2.38544556580745 2.9999356 1.731971
"t_n216" 2575.53316187525 1.97192734544748 2.7057283 1.2545234
"t_n217" 2568.26792809137 1.85022791285484 2.5635831 1.1367926
"t_n218" 3192.82992208039 4.06487499401144 4.2620746 3.8217294
"t_n219" 2658.71381973847 2.71262252130993 3.5126682 1.9403403
"t_n220" 1282.50833632958 1.74072621342148 2.4954347 1.0803181
"t_n221" 1099.85925149362 1.37847040102217 2.0847444 0.7456881
"t_n222" 2167.60592547745 3.92504555138603 4.1474092 3.6712462
"t_n223" 1450.28249028504 2.53580224925837 3.149727 2.1553626
"t_n224" 1086.63974985338 2.24360168437309 2.8022901 1.7658371
"t_n225" 979.830205082698 2.09451481108827 2.6458658 1.6396769
"t_n226" 1185.36719138014 1.92422702172102 2.5005877 1.4343512
"t_n227" 1844.25912829022 1.42329952293206 2.0554108 0.8170998
"t_n228" 1196.73330118414 1.67759358014555 2.2048675 1.2143751
"t_n229" 1261.63626116364 1.44621213791456 1.9312685 1.000136
"t_n230" 1793.01260898356 0.820932116610188 1.3282343 0.4177743
"t_n231" 2258.30017332161 0.841973111116049 1.3141383 0.4901387
"t_n232" 2240.2234658961 0.618801148930615 1.0280025 0.3220543
"t_n233" 1642.32570989426 3.75284623653686 3.9933594 3.4951587
"t_n234" 4209.38751754206 3.43775960711627 3.7242761 3.1652678
"t_n235" 5991.92171885848 2.84389177696239 3.1423755 2.5866724
"t_n236" 2509.6410406287 1.42049790642187 2.3413219 0.6518443
"t_n237" 5669.92906001226 2.7082706061441 2.9994699 2.514529
"t_n238" 6520.69726364357 2.28813676708516 2.8179654 1.6501435
"t_n239" 4233.5638130609 2.44120092084884 2.8296465 1.8886377
"t_n240" 3415.72291361366 1.73130775586912 2.3567913 0.9894357
"t_n241" 9987.55954526734 2.99696027427365 3.1161582 2.7933372
"t_n242" 4216.00365018664 1.55865925229154 2.1969482 0.9891828
"t_n243" 7603.56318062973 2.80778469140603 3.0019688 2.5643539
"t_n244" 6136.40532634821 2.31175417086828 2.6485627 2.0589061
"t_n245" 4308.95807268016 1.63790864252542 2.1459199 1.0569564
"t_n246" 3046.00000709547 1.32250883799789 1.872247 0.7465929
"t_n247" 7603.74277519116 2.50843966600744 2.7836624 2.2133398
"t_n248" 8264.82521686728 2.35963663522027 2.6639829 2.0581393
"t_n249" 9887.08672177955 2.06064671557691 2.3299332 1.7960251
"t_n250" 1175.42549238198 3.58513435809677 3.8524899 3.3047376
"t_n251" 2239.62080639337 3.0661612634687 3.482402 2.657968
"t_n252" 2866.60371148452 2.11037009692239 2.7291308 1.4697295
"t_n253" 3148.97989048346 1.58137346017443 2.2952858 0.8900472
"t_n254" 2847.03099481302 1.62640770387201 2.401807 0.8640409
"t_n255" 2204.23121210177 2.8279453146603 3.3114929 2.3711382
"t_n256" 1807.96875673458 2.33012266986279 2.8064044 1.8860684
"t_n257" 1471.57347761292 1.96957931531582 2.4497145 1.5401053
"t_n258" 1319.40340617158 1.57280713837009 2.0288652 1.154001
"t_n259" 1354.80216163899 1.42658856849064 1.8598592 1.0257753
"t_n260" 1457.70720130322 1.17662831211044 1.6241489 0.8137261
"t_n261" 1910.86386068752 0.910004138625632 1.4028915 0.5450412
"t_n262" 2220.58393761205 0.810323337436809 1.2248233 0.4814466
"t_n263" 818.552573858638 3.28865997063496 3.6050427 2.9515853
"t_n264" 1531.45830520364 2.40306007481251 2.9603838 1.7956375
"t_n265" 2529.32940492602 1.34655146029109 1.9889185 0.7910671
"t_n266" 2569.58504873929 0.718113072179323 1.22117 0.3024904
"t_n267" 1548.06092115239 1.97491896216321 2.6186851 1.3841567
"t_n268" 1594.16340685267 1.75370935834676 2.4196222 1.1448229
"t_n269" 2090.35927050885 1.23378763555914 1.9238832 0.6722099
"t_n270" 762.83744398234 2.86442083762013 3.2140002 2.4982907
"t_n271" 2330.85407740889 1.23686560116105 2.0308396 0.618332
"t_n272" 820.548004911117 2.66141529708905 3.0134972 2.2995818
"t_n273" 2064.32390191261 2.4379374435698 2.8935725 1.8200176
"t_n274" 2967.63491704609 1.9017864311316 2.5364615 1.162469
"t_n275" 870.233108569354 2.50528621860452 2.8679176 2.1491461
"t_n276" 908.608293171058 2.20662133809233 2.5679339 1.8561558
"t_n277" 1003.67523299997 1.82365757537915 2.1828543 1.4794068
"t_n278" 1078.54237599535 1.73516195900783 2.0799568 1.3979885
"t_n279" 1176.99061128459 1.67979421316594 2.0153399 1.3439577
"t_n280" 1487.79591686835 1.44491029062274 1.7117245 1.1249922
"t_n281" 3356.37973493028 0.920757704294206 1.3868272 0.4865776
"mu" 5673.02587603842 0.114344987489584 0.126826 0.1034947
"sigma2" 3756.65413264741 0.374158292439309 0.472204 0.2944044
"lnL" 18001 -137.72278717849 -116.397 -161.331
