"parameter" "ESS" "mean" "high_hpd" "low_hpd"
"t_n142" 2055.35435803873 6.31157331951558 7.0620451 5.7474937
"t_n143" 2025.77659820091 6.21723075588023 6.918272 5.6739074
"t_n144" 3889.67200226182 3.95010240391089 6.1648462 1.841943
"t_n145" 2081.47794413567 5.92146697485695 6.5527715 5.4131337
"t_n146" 10970.3307196596 4.77555363633687 5.5764362 4.2145234
"t_n147" 7113.65462748079 2.76461622183768 4.2962995 1.3507557
"t_n148" 4702.23817597489 1.41971456722404 2.7123742 0.4956362
"t_n149" 2258.71667547229 5.62927136893506 6.1790438 5.1629807
"t_n150" 4759.97308026847 4.7003526812566 5.7143177 3.0948524
"t_n151" 2181.57262781935 5.36286233157602 5.8672493 4.9285225
"t_n152" 2210.44600973524 5.29847908383423 5.7863577 4.8819303
"t_n153" 3648.09888797827 5.05394970969946 5.6365252 4.3805321
"t_n154" 2438.03477774269 3.15996543398145 4.1104589 2.3126308
"t_n155" 2392.76984535633 2.70087538425643 3.6431407 1.9184754
"t_n156" 3743.48346129844 1.70160883168157 2.6438169 0.9711728
"t_n157" 2939.11228188871 1.96257061961558 2.8614947 1.1957541
"t_n158" 2698.23097863235 5.07421088662297 5.5375165 4.6987511
"t_n159" 2881.42100216225 2.94228065000278 4.2237544 1.417875
"t_n160" 3718.60731554371 4.84673874263096 5.248691 4.5210449
"t_n161" 4108.90069913705 2.29476302877618 4.0010151 1.0234455
"t_n162" 8612.69553323306 4.53726663534248 4.7807634 4.2919367
"t_n163" 1665.7615380572 3.40032109257263 4.5692712 1.5448899
"t_n164" 1692.51934570662 2.57875933979223 4.1725259 1.1036318
"t_n165" 9110.48527420439 4.4066491494417 4.5120724 4.1908725
"t_n166" 8199.49898899074 4.04945100571635 4.4153961 3.3647557
"t_n167" 9134.34078605033 2.3237009170435 2.9055251 1.9869703
"t_n168" 5283.35321478434 1.34980626215766 2.1770776 0.7730763
"t_n169" 2452.09386752189 2.11791006496861 2.9859334 1.3315453
"t_n170" 2296.2635164264 1.58791892735404 2.4098827 0.9131745
"t_n171" 2406.37786510785 1.24449556504639 1.9948209 0.6057639
"t_n172" 6281.21983518857 4.24439784790289 4.4106902 4.0124556
"t_n173" 3618.93813735309 3.89211842604855 4.2427579 3.3806559
"t_n174" 6277.42166038974 3.3781298261541 3.9494896 2.5507672
"t_n175" 5065.50187374469 1.60889887960113 2.6152461 0.829325
"t_n176" 1989.41929827966 3.67824930155547 4.1024669 3.0951735
"t_n177" 3825.90420406368 2.98105409837231 3.6658492 1.9385063
"t_n178" 4357.51978687768 1.28906609533359 2.1613823 0.5488069
"t_n179" 1603.59841453126 3.4956405875118 3.9785296 2.9115507
"t_n180" 3189.52624317237 2.77087152807622 3.4786712 2.040875
"t_n181" 4378.79528498441 1.63840205923004 2.5115068 0.8869091
"t_n182" 3274.65551150758 1.91977071389923 2.7299337 1.1929283
"t_n183" 3797.30078227574 1.30890456881284 2.079939 0.6160082
"t_n184" 1546.18091618324 3.38157546373535 3.8915866 2.8202158
"t_n185" 1764.95242511173 2.91813934278651 3.504128 2.3525884
"t_n186" 2464.39929239598 2.51205326226321 3.1246971 1.7699498
"t_n187" 3595.85299862543 0.831607844908616 1.5561737 0.3149738
"t_n188" 2148.50581620821 2.436804014077 3.0398465 1.8301105
"t_n189" 5061.73653340241 1.22267225783012 1.8222169 0.8360563
"t_n190" 3311.62340301291 1.87517527308483 2.5775934 1.2260707
"t_n191" 4200.16551487923 0.48404709111716 1.0590961 0.1691543
"t_n192" 3348.15841979013 2.69155898997278 3.3368801 2.0450319
"t_n193" 4349.14382369089 1.62046502915394 2.4463775 0.9262672
"t_n194" 4322.93732281877 0.427599116260208 1.0027273 0.1359793
"t_n195" 2519.27887025412 1.93468797526249 2.592047 1.4302921
"t_n196" 2034.13804630758 1.70670597187378 2.2679045 1.2908608
"t_n197" 1423.03781902922 1.48033966457975 1.9536925 1.1426269
"t_n198" 1372.81759195419 1.43408483535915 1.8986212 1.1113313
"t_n199" 1933.07718811136 1.245726886073 1.7432607 0.7818537
"t_n200" 4244.51583740597 4.1028328578079 4.2995916 3.8572318
"t_n201" 5540.49032184032 3.76303107996222 4.1105814 3.3422115
"t_n202" 3615.80802231306 2.57744039557802 3.4451908 1.5876246
"t_n203" 4035.3752782509 1.06007646070218 1.8609645 0.3994717
"t_n204" 3067.2891996169 3.42240342406533 3.8457717 2.9379672
"t_n205" 3758.32313561894 2.93167159991112 3.4131968 2.4259938
"t_n206" 3874.86100740218 1.05940358978946 1.8591455 0.4059716
"t_n207" 3120.50045102016 2.68477915190823 3.0777009 2.1091198
"t_n208" 2368.7148338043 2.08652057916227 2.6471122 1.4709039
"t_n209" 2924.31966261992 0.813542260796622 1.3753766 0.3930809
"t_n210" 4355.20179170901 0.340695621193267 0.7262754 0.1168696
"t_n211" 3110.4098572598 3.088645215938 3.6339381 2.5825521
"t_n212" 3999.39473075968 2.88534946142437 3.5051645 2.2281622
"t_n213" 3909.38924913583 2.44732976610744 3.140089 1.6248243
"t_n214" 4143.31682527344 1.63265470988834 2.4991598 0.8630576
"t_n215" 3470.16530043105 2.20238403554247 2.8880803 1.5627274
"t_n216" 4021.209974204 1.6909607643742 2.4854812 1.0340212
"t_n217" 4447.87029476904 1.66819301806011 2.4044573 1.0331972
"t_n218" 4593.90144985652 4.04481845127493 4.2553914 3.7952016
"t_n219" 2848.89246404757 2.42928432178768 3.3309987 1.5673722
"t_n220" 2081.22144422287 1.6140521336648 2.4446133 0.996765
"t_n221" 1973.75901393403 1.29813756916282 2.0879036 0.6653948
"t_n222" 3733.35187695025 3.90921559103939 4.1416364 3.64189
"t_n223" 2387.17057202417 2.44567895911894 3.0057079 2.0977612
"t_n224" 2008.928836736 2.19616583295928 2.7781002 1.7169619
"t_n225" 1725.15921439808 1.93496376936281 2.502594 1.4889039
"t_n226" 1933.61812857853 1.67906539638909 2.2657059 1.1786376
"t_n227" 2235.67605583007 1.38659713156491 1.9858639 0.8474854
"t_n228" 2062.28872339653 1.56445411261041 2.1002233 1.1340491
"t_n229" 2282.70284960409 1.18249259094495 1.6736924 0.818643
"t_n230" 2691.69663024857 0.73849462429865 1.273812 0.3314166
"t_n231" 3411.37321662255 0.683809321537692 1.2160526 0.3185478
"t_n232" 4298.5672206438 0.358870445708572 0.7352952 0.1510884
"t_n233" 3110.30483637366 3.75187986809622 4.0015714 3.4827381
"t_n234" 4710.70738292646 3.35899428027887 3.6683318 3.0786901
"t_n235" 4820.72633581793 2.79872307070163 3.0686866 2.5513399
"t_n236" 4307.55927238675 1.42174605485251 2.2016734 0.6684998
"t_n237" 5115.40890632259 2.71693125882451 2.9984518 2.517248
"t_n238" 9848.12882925489 2.35221632160436 2.8590291 1.662286
"t_n239" 6177.73286525021 2.10242855901894 2.6400387 1.4879084
"t_n240" 5726.0916862207 1.3857518744792 2.0553873 0.7264015
"t_n241" 9297.07877315296 2.98745262958169 3.110293 2.775729
"t_n242" 6852.48385554759 1.5878819302761 2.2726474 0.9991514
"t_n243" 6581.96763258121 2.87654049299483 3.0550695 2.6276378
"t_n244" 5901.60342010922 2.31297031873785 2.6721012 2.0562722
"t_n245" 5882.99891545306 1.8752125287484 2.3345179 1.3912615
"t_n246" 4835.33794073042 1.15951143050386 1.7109594 0.569388
"t_n247" 8048.17004455071 2.76711797834565 3.0033188 2.4515264
"t_n248" 10086.0906020108 2.62451209665574 2.9356047 2.2528753
"t_n249" 14058.9515298201 2.10980707092384 2.4456738 1.8455933
"t_n250" 2617.14149945106 3.54943734973057 3.8255111 3.2503685
"t_n251" 2041.83747410967 2.90360708976168 3.3451437 2.472851
"t_n252" 3099.89775048077 2.25684872587078 2.8778783 1.6025626
"t_n253" 4458.26607792297 1.74927516731293 2.555695 1.0180994
"t_n254" 3120.23838388483 1.95618259325593 2.6679536 1.2643847
"t_n255" 2156.07663840191 2.59309502617632 3.0794921 2.0725846
"t_n256" 1856.75931991373 2.19869954090884 2.7011332 1.7109326
"t_n257" 1672.58073129702 1.86601872609855 2.3556592 1.4090246
"t_n258" 1507.29562002226 1.43083566544636 1.8737571 0.9892156
"t_n259" 1462.21755205266 1.33341823029832 1.7608867 0.8954213
"t_n260" 1442.91438655265 1.19299768118438 1.6349079 0.7643431
"t_n261" 2831.74162894716 0.851415452569302 1.3917242 0.4124702
"t_n262" 1517.49131417852 1.0997491123882 1.5610574 0.6481123
"t_n263" 1885.24622457273 3.35658727921227 3.658641 3.0110371
"t_n264" 1903.36097044754 2.49975554846953 3.1280364 1.7965555
"t_n265" 3567.32144528622 0.985620483195378 1.7356144 0.4076631
"t_n266" 3217.41908978497 0.33779348874507 0.8568691 0.0839032
"t_n267" 1449.82900667955 2.08191120022221 2.8095235 1.4443122
"t_n268" 1529.11833199431 1.98184354098661 2.73093 1.3525422
"t_n269" 2914.35039518038 1.32069495788567 2.0827794 0.660416
"t_n270" 1565.47018459418 2.91994530971057 3.2675773 2.5451567
"t_n271" 3511.87786422376 1.457854089995 2.244222 0.7580144
"t_n272" 1658.43175894684 2.76379538046775 3.1038448 2.3631455
"t_n273" 4145.04926247898 2.33867182667074 2.8885977 1.6160805
"t_n274" 4841.18236553012 2.01504865627465 2.7207321 1.2702207
"t_n275" 1859.62706053999 2.59374879536137 2.9630116 2.1830497
"t_n276" 1812.91746595281 2.28592145913005 2.6867435 1.9174188
"t_n277" 1883.85556303741 1.86957307147381 2.2491351 1.5144242
"t_n278" 2075.31115986509 1.7119671601911 2.0750088 1.3790763
"t_n279" 2224.06769476222 1.63355610739959 1.9793657 1.3134821
"t_n280" 2862.19026794283 1.54382148582301 1.819258 1.2506233
"t_n281" 5523.04013523285 1.27066460435531 1.650807 0.7613324
"mu" 7636.87464306083 0.131582454402533 0.1467642 0.1182448
"sigma2" 5186.41315654593 0.404087016637965 0.5148033 0.3135422
"lnL" 16982.00099547 -137.010887672907 -115.924 -160.361
