"parameter" "ESS" "mean" "high_hpd" "low_hpd"
"t_n142" 2368.30341160678 6.23645875094717 6.9245655 5.7264248
"t_n143" 2431.04300188581 6.14745308381201 6.8023192 5.6412865
"t_n144" 9417.44260455999 4.15947291172713 5.8016705 2.3396938
"t_n145" 2652.75606382337 5.88036158423421 6.4432918 5.4120692
"t_n146" 11816.0565403858 5.12580244075885 5.7782105 4.3298873
"t_n147" 11030.6780384277 3.59764648492862 4.8010452 2.3333679
"t_n148" 10399.2240324684 2.58060823676462 3.9415565 1.568724
"t_n149" 2947.54103140502 5.76648167297372 6.3003751 5.298136
"t_n150" 7607.94319433653 4.73194054766402 5.7759773 3.267536
"t_n151" 3075.69440706003 5.67373426449086 6.2028629 5.2117504
"t_n152" 4302.01398120117 5.34497972595967 5.8328889 4.9185684
"t_n153" 7896.4487919427 4.91247657741237 5.5641165 4.2128832
"t_n154" 6056.57608647855 3.47845001224932 4.3132074 2.6248076
"t_n155" 5143.71441405607 2.76837327887895 3.6240984 2.0324054
"t_n156" 5916.24584227792 2.10288995936337 2.9542113 1.3430267
"t_n157" 6289.35427232306 1.9792266545803 2.8157502 1.2108442
"t_n158" 7061.6643570398 5.0173943104772 5.4610842 4.6471273
"t_n159" 7843.69931276975 3.11354749177268 4.2736433 1.6826294
"t_n160" 9368.308588412 4.68960817121271 5.0284015 4.3933715
"t_n161" 7587.92486076314 2.1295063825343 3.5457364 1.0097526
"t_n162" 11921.2218372741 4.51643905273596 4.7567527 4.2704549
"t_n163" 5644.07279042806 3.12932688122882 4.3973685 1.7461385
"t_n164" 5155.54181680635 2.21411464714183 3.7496745 1.0905259
"t_n165" 9524.69127167564 4.39976041758791 4.510615 4.1825176
"t_n166" 12142.7478997322 4.03235383025943 4.4028134 3.387302
"t_n167" 12839.0413972556 2.37045036292984 3.0002877 2.0231874
"t_n168" 7246.24994616128 1.2590626308594 2.0458114 0.8026259
"t_n169" 4712.77687235827 2.09984524073663 2.9129677 1.421296
"t_n170" 3742.24790083958 1.58279831283262 2.2872798 0.9613124
"t_n171" 3859.17885186689 1.22364839570024 1.9354431 0.6874861
"t_n172" 6137.96523260807 4.22419919490028 4.4027367 3.9872339
"t_n173" 10312.0665437788 3.97620911809899 4.3175056 3.3727941
"t_n174" 9972.03984530643 3.27741881611022 3.9440103 2.2980886
"t_n175" 7102.85343464173 1.71463416452419 2.575439 0.9263452
"t_n176" 3418.181295528 3.11216108883951 3.7728074 2.6271516
"t_n177" 5968.60694322705 2.26022945295261 3.1630456 1.6152767
"t_n178" 6915.628684561 1.49450547990667 2.4071608 0.711113
"t_n179" 2957.97930580733 2.89894653618688 3.4931101 2.4481622
"t_n180" 4453.94891465812 2.14881737499028 2.7175388 1.6565094
"t_n181" 6789.65634531199 1.83014002702072 2.4160179 1.1883551
"t_n182" 5716.44051099593 1.70317356037998 2.291331 1.0977889
"t_n183" 7774.24101173168 0.970195877679018 1.5926546 0.4633989
"t_n184" 2810.0341245986 2.69954982000444 3.171727 2.2097604
"t_n185" 2719.82353455595 2.43699227462919 2.9767919 1.9168254
"t_n186" 4574.22046001553 2.05519607698461 2.7183449 1.3659309
"t_n187" 5882.19201920804 0.411677235359147 0.9706819 0.1300242
"t_n188" 2932.38721831229 2.27049856472974 2.8455875 1.7670297
"t_n189" 11266.8251777678 0.986988838208988 1.3743368 0.670213
"t_n190" 4441.00163226326 1.88296874229765 2.5069975 1.2439906
"t_n191" 7045.31658720173 0.715226753863674 1.2202915 0.2871436
"t_n192" 3933.67469557258 2.1300546636798 2.6159543 1.7105855
"t_n193" 8234.61846882501 1.03051891245486 1.6317743 0.5759316
"t_n194" 5285.45453505432 0.351829341708794 0.9026059 0.0759131
"t_n195" 4558.70560875624 1.95342418932282 2.4334621 1.5291845
"t_n196" 4479.366439432 1.70470034159213 2.1247544 1.2790784
"t_n197" 5117.29131437445 1.47969575707461 1.8702465 1.0882247
"t_n198" 6224.91252502263 1.23085321488251 1.5579918 0.9152216
"t_n199" 7526.12548032708 0.989326354858063 1.3838285 0.5390056
"t_n200" 6451.24205650387 4.17243649865563 4.3623344 3.9287187
"t_n201" 8142.85300388827 3.90591654480862 4.2230732 3.507831
"t_n202" 8057.86058345129 2.66148899197267 3.5996189 1.6672176
"t_n203" 7330.74887426623 0.922737816915727 1.7309743 0.3831733
"t_n204" 7508.25805662657 3.60590965508027 3.9882787 3.1453042
"t_n205" 8363.53179731726 2.96510789793345 3.4238668 2.5083161
"t_n206" 7269.527873804 1.27830996413533 2.0423259 0.689772
"t_n207" 8053.83262560719 2.70006307774568 3.0602071 2.1806339
"t_n208" 9655.86336993711 2.09027153326482 2.5840908 1.6085372
"t_n209" 8717.19952943073 0.989813124731959 1.4519631 0.615316
"t_n210" 8046.0699122528 0.249958265363035 0.5623636 0.079934
"t_n211" 7231.9275177933 3.04450224343092 3.6275179 2.5324585
"t_n212" 6832.90999674272 2.39893983080384 3.0308354 1.7733429
"t_n213" 6233.09598169544 2.05616492849842 2.7551951 1.421698
"t_n214" 6774.23848914882 1.68782183662019 2.3836925 0.9698949
"t_n215" 6414.97994871343 2.12894841564358 2.7806102 1.5637104
"t_n216" 7836.10091505953 1.56564970647742 2.1962033 0.9846206
"t_n217" 7422.93246671519 1.41282971728793 2.1083944 0.8115451
"t_n218" 6261.1182244248 4.11348576145214 4.3196291 3.8587102
"t_n219" 10200.4231089385 2.85708310554969 3.6756732 2.0438039
"t_n220" 5625.70909760702 1.83907401840453 2.5672618 1.145958
"t_n221" 5312.26542509832 1.42046363568135 2.0906769 0.8057703
"t_n222" 6015.52871257407 3.9870444338759 4.2196646 3.719911
"t_n223" 4338.8944070778 2.85815144510305 3.4484442 2.3141615
"t_n224" 3095.41671960016 2.21772551822677 2.741235 1.7753588
"t_n225" 2355.3636289791 2.03260807124604 2.502184 1.6163674
"t_n226" 2657.59362937155 1.91437447687906 2.3890261 1.4613366
"t_n227" 4329.43981760987 1.54230848065663 2.086943 0.9532686
"t_n228" 3063.01555774592 1.73416040444975 2.1782151 1.2920025
"t_n229" 3421.53566050608 1.56074619568357 2.0041078 1.1247573
"t_n230" 5643.50408819866 1.02647619138937 1.5138903 0.6147506
"t_n231" 5551.92490859917 1.07123324998611 1.6206547 0.6258442
"t_n232" 6301.61574495958 0.706470269868341 1.1691058 0.3046215
"t_n233" 5425.47514183699 3.93666210636631 4.17517 3.6616596
"t_n234" 11704.5122045891 3.49951158960613 3.8527793 3.1583188
"t_n235" 10764.2305186983 2.91698861113827 3.2462841 2.6348051
"t_n236" 6898.7949855285 1.74500118680629 2.5422268 0.8892943
"t_n237" 11366.569753902 2.69924590711627 2.9878363 2.5147435
"t_n238" 12971.2467073446 2.13413817998445 2.7267806 1.6175801
"t_n239" 9065.28673381783 2.34441277518471 2.8154842 1.7285678
"t_n240" 9027.07246384026 1.77999019016166 2.3708942 1.0297281
"t_n241" 12507.2184988277 3.00694377237376 3.1187865 2.8207557
"t_n242" 10594.6990698037 1.23844909403922 1.8589445 0.8653969
"t_n243" 10532.2158654887 2.8988890625743 3.065146 2.6496115
"t_n244" 10093.94237532 2.36150502290984 2.7255512 2.0680598
"t_n245" 10995.8158301967 1.81783207772346 2.2759343 1.3020735
"t_n246" 9214.16688072263 1.15377776469641 1.7344572 0.6915217
"t_n247" 9573.51518585859 2.64842086530193 2.9418083 2.2849181
"t_n248" 10097.5653509585 2.53502076170213 2.8776507 2.1646921
"t_n249" 12542.8020405386 2.08757371028276 2.4004004 1.831809
"t_n250" 5194.42825885738 3.72890233390923 4.0056115 3.4219302
"t_n251" 5411.53713358147 2.93732561714905 3.3753799 2.5305534
"t_n252" 6900.44834244277 2.15958049771679 2.7138909 1.6459807
"t_n253" 7423.80238712789 1.8807869596078 2.4936891 1.2078241
"t_n254" 8715.77117579907 1.77083629891117 2.398605 1.0381232
"t_n255" 4971.31952275224 2.33002592971502 2.8500293 1.8595236
"t_n256" 4361.12843801953 2.1230850354647 2.6123251 1.7017132
"t_n257" 4104.66145776402 1.76521807426254 2.2185553 1.3633388
"t_n258" 4306.46647067437 1.19931003533137 1.6445865 0.863146
"t_n259" 3931.82211525279 1.08121788214544 1.4879027 0.7731014
"t_n260" 4188.12495181762 0.998276664618632 1.3799985 0.6914371
"t_n261" 6579.30601772336 0.691114422232098 1.0524904 0.3826704
"t_n262" 8149.60499716576 0.776920235503583 1.1482736 0.3845744
"t_n263" 4368.07979989045 3.54096134096995 3.8523833 3.1995723
"t_n264" 7764.50843164272 2.92308349448364 3.5091636 2.1770215
"t_n265" 6748.00504361706 1.44892961337703 2.2385356 0.7854134
"t_n266" 6390.07510362687 0.692402759407811 1.2749667 0.2419771
"t_n267" 5912.61794853205 2.16165709801122 2.9022512 1.4347893
"t_n268" 4201.63888281062 1.69101724283651 2.3624911 0.9989697
"t_n269" 4257.54814801128 1.49465755689128 2.1666532 0.8574042
"t_n270" 2539.03057840985 2.98738835115827 3.3229158 2.6394788
"t_n271" 6621.18149562894 1.40481855591912 2.1573659 0.7721502
"t_n272" 2573.30272345518 2.92379320854397 3.2622593 2.5703958
"t_n273" 5607.25725077807 2.72032132818732 3.1424725 2.0935
"t_n274" 8259.87272428901 2.21897903245931 2.8580134 1.5288705
"t_n275" 2749.08905568484 2.60888871841009 2.973682 2.2223157
"t_n276" 2861.84109712827 2.33323540310538 2.7014235 1.98031
"t_n277" 2674.3958896418 1.92355386003555 2.2405978 1.591103
"t_n278" 2871.79759052453 1.86998578285651 2.1796716 1.5393579
"t_n279" 3383.07402288901 1.7496720857619 2.05737 1.4152705
"t_n280" 4457.3963854337 1.50796595461363 1.758575 1.1930111
"t_n281" 8219.57404523078 0.819196649919449 1.2529602 0.3523518
"mu" 9599.02583248407 0.124889094205877 0.1370603 0.1142665
"sigma2" 7433.67043944645 0.243098659707794 0.3209836 0.1809732
"lnL" 14704.8857412594 -132.255703905339 -111.735 -154.797
