"parameter" "ESS" "mean" "high_hpd" "low_hpd"
"t_n142" 1767.33038947457 6.12277630241653 6.8075631 5.6446039
"t_n143" 1653.63723695526 6.02981113769791 6.6669495 5.5579635
"t_n144" 1919.44466474769 4.43322390967724 6.178453 2.0870591
"t_n145" 1692.47025667995 5.71740783835342 6.2638701 5.2632906
"t_n146" 8945.15367736438 5.21829366075774 5.7831293 4.4135455
"t_n147" 5529.27716399813 3.06451045919671 4.4874132 1.9389592
"t_n148" 3388.79814381231 1.68354670451642 2.7749855 0.8452627
"t_n149" 1702.46828732196 5.59570084815844 6.1201473 5.1597157
"t_n150" 1272.45492634291 4.73527831059386 5.6896053 2.6807628
"t_n151" 1823.68680086991 5.30726605654686 5.7951157 4.9030077
"t_n152" 2066.17922022355 5.2230686374757 5.6974835 4.8357798
"t_n153" 4598.13286654169 4.78413312614299 5.3815582 4.1455084
"t_n154" 1807.74217586919 2.68435494228098 3.5540528 1.896455
"t_n155" 1747.61262249891 2.46015685365257 3.2428981 1.7060027
"t_n156" 2666.04395307841 1.87390161494917 2.751629 0.9722011
"t_n157" 2158.66011401769 1.72759684938059 2.5612448 0.977653
"t_n158" 2097.24290850558 5.0680777903672 5.5163763 4.704416
"t_n159" 3213.011335457 2.94835905911894 4.3475145 1.3492447
"t_n160" 3987.65006751292 4.76038734290317 5.1259041 4.4629848
"t_n161" 2431.46654721203 1.47454821123826 2.7697309 0.6009005
"t_n162" 7372.03889856736 4.56618143152603 4.8306959 4.3178347
"t_n163" 1721.2826488794 2.40144995781901 4.2737027 1.0766223
"t_n164" 1575.65277418512 1.67344018706183 3.079087 0.6798731
"t_n165" 7687.42661000487 4.41337204259208 4.5135164 4.1987463
"t_n166" 4426.58909164366 3.75810030556636 4.3054328 2.8665093
"t_n167" 8807.80654582267 2.39544644712516 3.0225774 2.0476821
"t_n168" 3281.66933703542 1.53067922794845 2.46652 0.8462929
"t_n169" 2392.74911147383 2.3160907668574 3.2196689 1.4191244
"t_n170" 1793.35202308151 1.62480283263708 2.5176539 0.873698
"t_n171" 1762.52220030819 1.16686086974057 2.05862 0.5111044
"t_n172" 4255.16246782414 4.23940467682907 4.4114594 3.9988731
"t_n173" 1547.12405260682 3.37716242187101 4.0877601 2.6866943
"t_n174" 1773.77022155256 2.84712681873229 3.7194372 1.9098142
"t_n175" 2490.09831606265 1.33677770263874 2.3123166 0.6115756
"t_n176" 1178.07743581897 3.05783747468474 3.8058484 2.5122696
"t_n177" 2462.76981608075 2.25134291093273 3.1402083 1.5912857
"t_n178" 3420.13679740757 1.65872546788512 2.6285749 0.7888383
"t_n179" 718.603773132398 2.81315328656186 3.4355097 2.3353853
"t_n180" 1130.30656332328 2.5994079247764 3.2137476 1.9799349
"t_n181" 2529.17603690075 1.66080592418199 2.693455 0.6938032
"t_n182" 2044.03967019443 1.95725448108438 2.6772573 1.1779544
"t_n183" 2876.85511677613 1.12083653668685 1.9263108 0.4804593
"t_n184" 703.584119077733 2.73765433142048 3.3293687 2.2661
"t_n185" 823.474498152002 2.47921186071885 3.0302626 1.9855502
"t_n186" 1909.05254989086 1.90047178127882 2.5900923 1.1393685
"t_n187" 1462.6993433388 0.51735289629465 1.2390608 0.103493
"t_n188" 1237.40391446242 2.07653492590967 2.6644604 1.5649942
"t_n189" 3163.2477077115 1.14561861449364 1.7188681 0.7833898
"t_n190" 1483.64081214414 1.82174325798567 2.4151786 1.2545333
"t_n191" 2307.34226595709 1.02044074455308 1.6800976 0.4330395
"t_n192" 1300.46675441691 2.31173112333759 2.8779871 1.7856107
"t_n193" 2137.5876443591 1.43896843279262 2.1545569 0.8042263
"t_n194" 2134.31196621486 1.06303102384868 1.8427148 0.3616323
"t_n195" 1960.96167222437 1.9912347358869 2.5706815 1.466827
"t_n196" 1993.25411042031 1.71587059752236 2.277106 1.2390443
"t_n197" 1843.72924309909 1.48970751602133 2.01552 1.0989432
"t_n198" 2041.41572406333 1.38908344996945 1.8795641 1.0315166
"t_n199" 2378.02335793456 1.22291181536581 1.7533288 0.736683
"t_n200" 3507.99868086081 4.14020912490417 4.3337327 3.8960246
"t_n201" 3166.64411200502 3.72626830597745 4.1102943 3.2816566
"t_n202" 2838.61045397628 2.85267652607633 3.666336 1.6840862
"t_n203" 2050.33496606703 0.951191329531693 1.9534928 0.2468965
"t_n204" 2164.93881037631 3.34051114043109 3.797098 2.8462523
"t_n205" 2023.01402086601 2.75673102830398 3.2344602 2.1809339
"t_n206" 2687.71829487434 1.29064224567524 2.1672474 0.5989934
"t_n207" 1864.78836249849 2.55542117335148 3.0284017 1.9317544
"t_n208" 1887.57832872687 2.2639294932226 2.8235389 1.6259767
"t_n209" 1619.91599270324 1.18122230076662 1.8405221 0.6178363
"t_n210" 1453.57468633469 0.538063336914616 1.1261636 0.1448653
"t_n211" 2194.30970906981 2.91404897499583 3.4597714 2.3994146
"t_n212" 2903.8109086476 2.57036633353147 3.1338121 1.9385921
"t_n213" 3126.42306702833 2.15944995769679 2.7993642 1.4583521
"t_n214" 3034.10980444214 1.51721560093884 2.2561259 0.8315614
"t_n215" 2690.70982550136 2.20143010466641 2.811035 1.5800632
"t_n216" 3743.25162332977 1.55331070375535 2.2655566 0.978561
"t_n217" 2984.70179596199 1.64397809249486 2.3717698 0.9322139
"t_n218" 2965.39540841687 4.03569602216544 4.2486176 3.7808694
"t_n219" 1550.03220116875 2.35036586715738 3.2267484 1.4928336
"t_n220" 1127.15390409497 1.79452960865507 2.7142018 1.0492219
"t_n221" 1080.27522232229 1.33641953624243 2.2883899 0.6128144
"t_n222" 2185.19819794385 3.89953895829676 4.1362419 3.6306451
"t_n223" 1478.31120846406 2.88869038406755 3.525501 2.2752369
"t_n224" 1116.5012624022 2.49386056440198 3.0809263 1.9070022
"t_n225" 1015.89922972882 2.29242493444253 2.8978488 1.7087644
"t_n226" 1125.51803001992 2.11717644895839 2.7680864 1.4806199
"t_n227" 1344.37589203181 1.88875804121993 2.6056116 1.1538877
"t_n228" 984.902821306933 1.94717289024499 2.5952763 1.3648091
"t_n229" 1029.69412391707 1.53153610909949 2.1588405 0.9835352
"t_n230" 1557.23930381136 1.0489741211266 1.7208757 0.4793779
"t_n231" 1208.11581972966 0.980461397383479 1.5804266 0.5083577
"t_n232" 1212.29897798622 0.782330230698295 1.3773571 0.3505949
"t_n233" 1642.14048699273 3.75802782735404 4.0111193 3.4871267
"t_n234" 3787.57166663452 3.40753851602133 3.736235 3.1000431
"t_n235" 5580.3106356276 2.8556823275318 3.1648836 2.6090339
"t_n236" 3373.60892091081 1.42209356753514 2.3789785 0.6028027
"t_n237" 5937.6334192471 2.64952746284095 2.9236806 2.5064562
"t_n238" 7865.69872955925 2.15944104378646 2.6455209 1.6274117
"t_n239" 3765.77152257791 2.1521073103272 2.6594687 1.4267853
"t_n240" 3281.93521153259 1.80479978282318 2.4623452 0.9749731
"t_n241" 6951.31884558562 2.9731226853397 3.1048167 2.7408736
"t_n242" 2493.45085127299 1.55358296169102 2.3069222 0.9621453
"t_n243" 5821.84365182424 2.85987702870396 3.0459275 2.5969823
"t_n244" 5454.87467487239 2.35815370547192 2.736995 2.0608619
"t_n245" 3612.53479932323 1.78907006223543 2.352353 1.1460868
"t_n246" 2850.63437209914 1.27118400464974 1.9645317 0.6120719
"t_n247" 5797.7037237863 2.54044084426976 2.8348463 2.2109011
"t_n248" 6033.63245823944 2.43865648741737 2.755145 2.1214126
"t_n249" 9008.63441673304 2.08108825984668 2.3710593 1.8212373
"t_n250" 1049.26637685312 3.57127821410477 3.8576303 3.2637215
"t_n251" 1055.33889543987 3.02619000952169 3.4771461 2.6062816
"t_n252" 2414.89044462026 2.12601677752903 2.8034969 1.3831741
"t_n253" 2923.24338922333 1.69074486636854 2.4991154 0.9005365
"t_n254" 2704.42387959296 1.82646530313316 2.5866759 1.0375351
"t_n255" 1199.25587315779 2.66662548540081 3.1542381 2.199187
"t_n256" 1141.5307145271 2.34934086298539 2.8454956 1.8699908
"t_n257" 1165.94611277871 2.023717215938 2.5282666 1.5509846
"t_n258" 1200.32687655861 1.62863880829398 2.1346216 1.1659291
"t_n259" 1222.78390074395 1.46780449696128 1.9688529 1.014304
"t_n260" 1256.15688444471 1.24290871008833 1.7418026 0.8154126
"t_n261" 1509.78496351967 0.927713628070663 1.4506373 0.507111
"t_n262" 1894.56218488136 0.892059784411977 1.4042407 0.4225052
"t_n263" 890.533116107563 3.37539923444809 3.6933779 3.0134254
"t_n264" 1737.10317789732 2.74344374063108 3.2809211 2.0968432
"t_n265" 1281.67317163035 1.66235710228876 2.4519757 0.925739
"t_n266" 1272.79342310473 0.525799161574357 1.2780551 0.0986486
"t_n267" 1957.016135152 2.37885272890395 2.9863992 1.6396389
"t_n268" 2062.34143129871 2.17741339141714 2.8420187 1.4231355
"t_n269" 2790.75305967903 1.28463330436087 2.1087072 0.5992031
"t_n270" 820.296634989837 3.00913470422754 3.3597766 2.6430046
"t_n271" 2171.72448661086 1.52545747024054 2.4876621 0.6871989
"t_n272" 783.279401247086 2.84235318356758 3.1943531 2.4673363
"t_n273" 3258.90559713376 2.28271152612077 2.8537341 1.5563389
"t_n274" 3140.38419956519 1.73148369772235 2.4716852 0.9544536
"t_n275" 785.113311472325 2.70117413422588 3.0552392 2.3195527
"t_n276" 663.139777033788 2.44870687542359 2.8140228 2.0686266
"t_n277" 806.454418807824 2.09481770693295 2.4634608 1.7180755
"t_n278" 1012.36075777592 1.94594041312705 2.3029176 1.5824386
"t_n279" 1459.26453010494 1.79306381372146 2.1492764 1.4403813
"t_n280" 1774.38257119321 1.55377764575301 1.8276367 1.2533943
"t_n281" 3678.61826991426 0.913609626081884 1.3740073 0.4187876
"mu" 5748.55800106008 0.0857844464640853 0.097527 0.0758409
"sigma2" 4193.71482519887 0.563311710743848 0.7045509 0.4467911
"lnL" 17571.3574950906 -140.573070218321 -118.347 -164.46
